500004
500045
500004
500091
500034
500004
500075
500075
500022
500046
500081
500008
500033
500018
500096
500029
500001
500008
500029
500028
500008
500091
500082
500031
500033
500008
500006
500004
500084
500006
500063
500008
500081
500006
500089
500032
500001
500028
500008
500029
500063
500004
500095
500041
500029
500008
500018
500018
500038
500001
500028
500082
500073
500001
500095
500008
500038
500004
500057
500018
500045
500001
500044
500013
500044
500058
500064
500027
500012
500092
500005
500024
500086
500053
500065
500097
500068
500066
500051
500064
500002
500013
500048
500076
500058
500077
500005
500064
500030
500074
500036
500005
500098
500097
500002
500044
500044
500027
500036
500036
500060
500039
500069
500030
500024
500059
500059
500059
500035
500013
500065
500013
500036
500027
500052
500064
500053
500079
500070
500044
500023
500013
500007
500043
500101
501102
500010
500047
500101
501301
501301
500015
500040
500020
500043
500037
500003
500016
500078
501301
500010
500010
500011
500050
501301
501301
500037
500078
501401
500062
500062
500015
500055
500080
501401
500020
501401
500010
500014
500042
500047
500025
500054
500055
500040
500007
500101
500062
500007
500087
500087
500085
500088
501301
501301
500003
500101
500100
500088
500010
500085
500072
500062
500055
500101
500101
500017
500017
500047
500009
500003
500049
500040
500101
500020
500020
500083
500026
500056
500007
500078
500090
501401
500025
500101
500009
500090
500016
500088
500025
501401
500088
500056
501301
500037
501401
501301
500094
500088
500003
500101
500061
500067
500055
500007
501301
500078
500015
500101
501101
500093
500072
501301
500020
